(0.34694278119367206, 2.446942781193672),
(0.42480953071047234, 2.369233261155884),
(0.5025853927403221, 2.29144651578949),
(0.5801866407767486, 2.213511404311612),
(0.6577659554927209, 2.13555765651826),
(0.7357608274019345, 2.0579569995835008),
(0.8143965425638633, 1.980900854687047),
(0.8924853779505955, 1.903380036690208),
(0.9683334543433428, 1.8239552893908475),
(1.0430183197332568, 1.743542184343395),
(1.1224969725453469, 1.6672022671611448),
(1.2126165000161353, 1.6008830543788308),
(1.3132821448851413, 1.5550872433749208),
(1.4209963760555235, 1.5408129323458475),
(1.5318377385595172, 1.546136684567033),
(1.642213345826295, 1.5485133551639148),
(1.751955318172313, 1.5468806737767629),
(1.8619076154838137, 1.5465788266959057),
(1.971975721445848, 1.5470097825062334),
(2.0819759728486287, 1.5470113927005993),
(2.1919630795323966, 1.5469297415178334),
(2.301967210750354, 1.5469558421552705),
(2.4119542384613233, 1.5468740772473213),
(2.5219545201657394, 1.5468758349376435),
(2.632022882003506, 1.5473070680074321),
(2.7419748999418863, 1.5470043901108925),
(2.8517159912677656, 1.545371122740359),
(2.962093394842141, 1.5477518896280702),
(3.0729373054729745, 1.5530755169745163),
(3.1806416592490816, 1.5387818847907218),
(3.2812931418310587, 1.4929659319092439),
(3.3714377633085806, 1.4266668436213212),
(3.4509711772735687, 1.3503743707286098),
(3.5256250456689275, 1.2699344494427296),
(3.601264148124541, 1.190328828211103),
(3.6792228235513185, 1.1126953545683125),
(3.7582640727244425, 1.0359901799816083),
(3.837123016565131, 0.9591373360978013),
(3.914539051764238, 0.8810422796534947),
(3.9894878983800344, 0.8008116527397826),
(4.06489863575942, 0.7209780151749383),
(4.146978347285668, 0.646914592479172),
(4.2404213646609215, 0.5852916626897545),
(4.343482580145638, 0.5476183933136374),
(4.452616243841675, 0.5410078824987496),
(4.563431071752605, 0.5478807767908054),
(4.67317334322737, 0.5498811151163641),
(4.783850964175125, 0.5443364867630114),
(4.894722729128505, 0.5407183273346317),
(4.999804869025251, 0.5626163934639625),
(5.097722200047036, 0.6139741381400282),
(5.192104219378672, 0.6782522499760235),
(5.289101370815466, 0.732234059007079),
(5.396817941338233, 0.7480260906277569),
(5.50888474149478, 0.7416700458119632),
(5.6037718242959915, 0.7755968462253895),
(5.680030383981013, 0.8571034351461817),
(5.751174617765207, 0.9522173089077912),
(5.827394690337483, 1.0349319918397004),
(5.906620889726478, 1.109012581562126),
(5.984389350032279, 1.184183464736392),
(6.060654805463864, 1.263001076512268),
(6.1399463905261555, 1.3406011579944066),
(6.224568008281231, 1.4138245190400276),
(6.3042481075129615, 1.4900822061682657),
(6.364980330891582, 1.579957156589456),
(6.409996045837524, 1.6813564570025772),
(6.468193082617304, 1.773309618083676),
(6.549608677371808, 1.8484816419638173),
(6.629740950302187, 1.9245517876635696),
(6.6851204613133834, 2.0184649612508676),
(6.7304998807984955, 2.119604802453042),
(6.797264798969881, 2.2053559024712834),
(6.880823637760756, 2.2789914418762884),
(6.955684639919697, 2.3588243283271577),
(7.007403925431877, 2.4552964361596223),
(7.0517854704713585, 2.557294524213018),
(7.102177475261595, 2.6551716844807847),
(7.149955536448818, 2.7541040496571543),
(7.191134675961283, 2.856924563624855),
(7.249816369774722, 2.95006900497354),
(7.340581263804289, 3.02443443300699),
(7.423673049363687, 3.098719239335552),
(7.449811708612907, 3.196673674696831),
(7.440464663388488, 3.310702679376638),
(7.486249231507287, 3.4023566569842134),
(7.580847527902858, 3.473433186850969),
(7.6495901793840115, 3.5541835734923066),
(7.65085965112768, 3.6624049424499288),
(7.651923015608649, 3.77468717768105),
(7.699359522795014, 3.8736216110084167),
(7.759507207931829, 3.9687042039096894),
(7.807844972197492, 4.067237035740376),
(7.85739558772147, 4.165738918939393),
(7.913052208247338, 4.262628518532633),
(7.95060151421432, 4.363695642966773),
(7.9546866239393985, 4.472696971406139),
(7.94217730162657, 4.5857481254455585),
(7.937775992060359, 4.696861290458555),
(7.968707273248306, 4.79913298920361),
(8.024206405810185, 4.895796309491256),
(8.058697727804146, 4.9992346634738585),
(8.054610636069931, 5.110587596881063),
(8.023752893017425, 5.219289878058719),
(7.971184782568129, 5.316342961127052),
(7.898027644906275, 5.3961222088395715),
(7.820470795549651, 5.4785706163827665),
(7.748468344273018, 5.571609918058986),
(7.667353739104454, 5.639407846809712),
(7.563834576093578, 5.651486884831391),
(7.450764268486909, 5.646550127391134),
(7.34815361221853, 5.680622709417955),
(7.2533147988063025, 5.742489987529785),
(7.1579749891336295, 5.803878671369944),
(7.057473872853423, 5.844664299037035),
(6.949438436307988, 5.852809524833658),
(6.837896795054549, 5.8465764270032405),
(6.727523113510754, 5.84625837183024),
(6.618242594906775, 5.846533643198532),
(6.508667190400752, 5.844698671756436),
(6.396864312077925, 5.851564779114764),
(6.286121760102564, 5.854833870028633),
(6.184840958858766, 5.818026566499816),
(6.088191995807472, 5.76141376627303),
(5.98268766399905, 5.742499550536435),
(5.871179347275461, 5.748885337063156),
(5.7676080862674315, 5.720920344774395),
(5.6714116760814886, 5.662577971840459),
(5.5753697393355, 5.606246288860657),
(5.476343167709858, 5.559492771788033),
(5.3741048990115505, 5.5163349746533985),
(5.275880966696381, 5.466520911336827),
(5.191827615986499, 5.398846621914698),
(5.117200310911786, 5.318096068281225),
(5.037884384095102, 5.239094830249458),
(4.94407641288006, 5.176798330068069),
(4.838979978143458, 5.1460850080157226),
(4.728518177808121, 5.148331546937603),
(4.6197549662570285, 5.1417494344012695),
(4.518519537382211, 5.097976302104849),
(4.427817223760206, 5.030987302236126),
(4.347738178953193, 4.955066161781399),
(4.272925750357178, 4.8751110809654445),
(4.197647122002266, 4.794733629674781),
(4.119979874068246, 4.716250936540936),
(4.040564905076481, 4.6411084947822605),
(3.9606354601048097, 4.568459398535458),
(3.8831425944551676, 4.490277857540708),
(3.810999929163088, 4.398128523019375),
(3.738821885533452, 4.305741309846098),
(3.653103828194984, 4.248530275666321),
(3.5455198778314876, 4.246849215693546),
(3.434398011712226, 4.243934535633166),
(3.3359910986167254, 4.1935346211552975),
(3.238102212939728, 4.144388951590734),
(3.129462791845244, 4.138914320083716),
(3.016999396675865, 4.148828856073186),
(2.906956133605696, 4.149019573687415),
(2.7978325562831228, 4.145428463006947),
(2.6878771321487522, 4.145220327215712),
(2.5763277900661845, 4.151758549118691),
(2.4666726264407792, 4.150306007487313),
(2.364375203177887, 4.1176796672653975),
(2.267820513577013, 4.060722661410715),
(2.1723082622687384, 3.9993611845791137),
(2.0731036880152476, 3.9536294545323654),
(1.9662565066649957, 3.9402349822133806),
(1.8547861486712032, 3.946487166334467),
(1.744228471411911, 3.9489951705355053),
(1.634744461137912, 3.9466145911127835),
(1.5250272152061175, 3.944931688930209),
(1.4143615901970092, 3.9489160390622025),
(1.303739664976498, 3.9528575326633244),
(1.1969147194068555, 3.933456596169744),
(1.0976779553946603, 3.8835842063801436),
(1.0094240245908246, 3.8151932186178867),
(0.9311219802041584, 3.7378550589138633),
(0.8566102478163689, 3.6572854266252546),
(0.7803362086886443, 3.578218268517512),
(0.7020519960708169, 3.500864906140953),
(0.6234429120505962, 3.4237885164860757),
(0.5454883859455998, 3.3461540762119593),
(0.46796552128821844, 3.268151618177249),
